# Time-averaged data for fix 2
# TimeStep v_T v_Eatom
7201000 990.709 -2.89339
7202000 1023.48 -2.8806
7203000 1035.56 -2.87756
7204000 1025.72 -2.8736
7205000 966.45 -2.88425
7206000 1012.26 -2.89162
7207000 1026.03 -2.87539
7208000 1004.38 -2.89292
7209000 1051 -2.88742
7210000 1036.42 -2.87761
7211000 1089.37 -2.86746
7212000 1010.33 -2.88056
7213000 1016.3 -2.88125
7214000 1025.15 -2.8927
7215000 1019.54 -2.88496
7216000 1035.28 -2.89187
7217000 1054.36 -2.89958
7218000 1039.84 -2.88504
7219000 1002.67 -2.90314
7220000 1101.38 -2.87099
7221000 1058.44 -2.88007
7222000 1034.58 -2.87229
7223000 996.055 -2.89232
7224000 1056.24 -2.87927
7225000 1089.98 -2.85428
7226000 1038.42 -2.882
7227000 994.458 -2.88172
7228000 992.958 -2.87714
7229000 1057.59 -2.88263
7230000 1001.76 -2.89169
7231000 1037.45 -2.88684
7232000 1067 -2.8665
7233000 1053.67 -2.87654
7234000 1061.64 -2.86628
7235000 1003.8 -2.89366
7236000 1009.33 -2.89195
7237000 1020.46 -2.88225
7238000 1042.71 -2.87376
7239000 1033.32 -2.88338
7240000 1065.51 -2.86508
7241000 1010.39 -2.87435
7242000 1047.25 -2.87958
7243000 1046.85 -2.88686
7244000 1035.88 -2.85834
7245000 1081.06 -2.84339
7246000 1015.4 -2.87514
7247000 1070.13 -2.86907
7248000 1014.93 -2.87649
7249000 1095.73 -2.8575
7250000 1073.45 -2.86359
7251000 1002.74 -2.87871
7252000 1026.09 -2.88301
7253000 1032.06 -2.8789
7254000 1022.5 -2.87433
7255000 1094.16 -2.88038
7256000 1033.44 -2.88751
7257000 1004.12 -2.88484
7258000 1030.83 -2.8771
7259000 1041.54 -2.90245
7260000 994.613 -2.89193
7261000 1030.52 -2.88407
7262000 1048.74 -2.87203
7263000 1024.7 -2.8741
7264000 1037.77 -2.87346
7265000 1029.85 -2.87804
7266000 1045.7 -2.88254
7267000 1005.94 -2.87495
7268000 1021.54 -2.87669
7269000 1000.89 -2.89627
7270000 1037.88 -2.89448
7271000 1009.68 -2.89929
7272000 1042.34 -2.88959
7273000 1048.6 -2.89364
7274000 998.322 -2.89708
7275000 1090.44 -2.88023
7276000 1068.81 -2.86921
7277000 976.242 -2.87245
7278000 1071.39 -2.87076
7279000 1006.55 -2.87317
7280000 1044.34 -2.85382
7281000 1057.35 -2.86715
7282000 1031.39 -2.86819
7283000 1018.15 -2.87341
7284000 983.702 -2.87881
7285000 1066.66 -2.87119
7286000 1000.04 -2.8746
7287000 1013.96 -2.88657
7288000 974.645 -2.8945
7289000 975.25 -2.88593
7290000 1029.33 -2.87022
7291000 1026.91 -2.88066
7292000 1008.42 -2.877
7293000 1045.62 -2.87072
7294000 1016.23 -2.87376
7295000 1049.84 -2.88019
7296000 985.939 -2.88234
7297000 1016.22 -2.88154
7298000 983.151 -2.89571
7299000 1048.56 -2.88158
7300000 1056.27 -2.87755
7301000 1081.32 -2.85906
7302000 993.893 -2.88687
7303000 1015.23 -2.88027
7304000 1018.7 -2.88887
7305000 1072.24 -2.8665
7306000 1011.9 -2.87867
7307000 1024.19 -2.87501
7308000 996.974 -2.89086
7309000 993.759 -2.88851
7310000 1040.32 -2.86308
7311000 1012.18 -2.88941
7312000 1049.87 -2.88406
7313000 1079.04 -2.87027
7314000 1006.18 -2.89029
7315000 1029.62 -2.87478
7316000 1022.73 -2.88282
7317000 1037.13 -2.87966
7318000 1005.37 -2.88047
7319000 962.21 -2.89211
7320000 1023.43 -2.87552
7321000 1033.89 -2.89615
7322000 1023.3 -2.88894
7323000 1021.85 -2.88084
7324000 1010.3 -2.88039
7325000 1000.66 -2.89305
7326000 987.457 -2.89622
7327000 993.647 -2.90565
7328000 1106.29 -2.86711
7329000 1058.09 -2.87384
7330000 1054.28 -2.87558
7331000 1041.06 -2.88246
7332000 1009.22 -2.86944
7333000 1048.52 -2.8699
7334000 994.89 -2.88484
7335000 984.968 -2.89269
7336000 1049.45 -2.89163
7337000 1026.48 -2.86551
7338000 1011.02 -2.86994
7339000 1025.01 -2.88256
7340000 1015.44 -2.8634
7341000 1053.1 -2.86644
7342000 1052.43 -2.88027
7343000 1085.38 -2.86231
7344000 963.436 -2.89668
7345000 1043.56 -2.88586
7346000 1011.42 -2.86986
7347000 1009.56 -2.87877
7348000 992.426 -2.89744
7349000 1030.07 -2.88131
7350000 1019.57 -2.87163
7351000 999.281 -2.88525
7352000 1037.28 -2.87973
7353000 982.993 -2.89117
7354000 1042.92 -2.87826
7355000 1034.13 -2.88295
7356000 1064.66 -2.86937
7357000 1032.08 -2.88477
7358000 1019.72 -2.89271
7359000 1060.3 -2.89418
7360000 1047.31 -2.87585
7361000 990.884 -2.88578
7362000 1040.47 -2.87375
7363000 1041.15 -2.87663
7364000 1015.38 -2.89467
7365000 1023.47 -2.88353
7366000 1012 -2.8707
7367000 996.853 -2.87831
7368000 1064.65 -2.85474
7369000 1003.01 -2.87322
7370000 1043.14 -2.87809
7371000 1053.54 -2.87742
7372000 1031.33 -2.88141
7373000 1021.32 -2.88519
7374000 1042.59 -2.87618
7375000 1016.96 -2.88713
7376000 1005.98 -2.89151
7377000 1025.65 -2.8714
7378000 1069.17 -2.87343
7379000 1047.3 -2.87909
7380000 1040.24 -2.87603
7381000 1056.5 -2.87111
7382000 1010.61 -2.8769
7383000 980.777 -2.90167
7384000 1027.94 -2.89248
7385000 972.808 -2.8961
7386000 1043.17 -2.87471
7387000 1050.19 -2.87486
7388000 1011.53 -2.86527
7389000 988.238 -2.87869
7390000 1027.32 -2.87701
7391000 1049.34 -2.87188
7392000 1020.81 -2.87993
7393000 1004.87 -2.87256
7394000 1016.23 -2.88214
7395000 991.876 -2.88756
7396000 1053.53 -2.87472
7397000 999.709 -2.8845
7398000 1069.75 -2.86772
7399000 1002.57 -2.88225
7400000 1015.84 -2.87171
7401000 1028.37 -2.8844
7402000 1023.96 -2.86799
7403000 1126.11 -2.85084
7404000 1070.49 -2.86078
7405000 1015.6 -2.88497
7406000 978.297 -2.88712
7407000 1007.61 -2.88522
7408000 1051.16 -2.87093
7409000 1036.52 -2.87177
7410000 1024.75 -2.87484
7411000 1030.31 -2.87504
7412000 1020.83 -2.87376
7413000 1048.67 -2.88282
7414000 1044.25 -2.87879
7415000 1022.21 -2.8859
7416000 1020.6 -2.88723
7417000 999.108 -2.8818
7418000 985.76 -2.88694
7419000 992.542 -2.87829
7420000 1088.36 -2.87413
7421000 1011.31 -2.87835
7422000 1075.09 -2.87451
7423000 1043.3 -2.88034
7424000 1036.79 -2.88499
7425000 1107.77 -2.85413
7426000 1069.77 -2.86594
7427000 1026.4 -2.86446
7428000 1078.18 -2.86813
7429000 1045.18 -2.8765
7430000 1050.82 -2.86608
7431000 1052.08 -2.87
7432000 1046.62 -2.87285
7433000 1042.51 -2.87103
7434000 985.48 -2.87986
7435000 1023.53 -2.86612
7436000 1076.47 -2.872
7437000 1051.02 -2.85758
7438000 984.778 -2.88175
7439000 996.514 -2.8718
7440000 971.929 -2.88187
7441000 1017.48 -2.88148
7442000 1033.26 -2.87082
7443000 1023.79 -2.87224
7444000 1039.6 -2.84425
7445000 1026.65 -2.87652
7446000 1065 -2.86855
7447000 1067.69 -2.85989
7448000 1038.45 -2.87082
7449000 1009.34 -2.87038
7450000 1007.33 -2.87903
7451000 1065.13 -2.87695
7452000 1062.22 -2.87469
7453000 1059.31 -2.86593
7454000 1098.44 -2.87492
7455000 1053.44 -2.8808
7456000 1020.03 -2.88803
7457000 1019.8 -2.878
7458000 965.225 -2.91092
7459000 1053.73 -2.86745
7460000 1039.61 -2.8787
7461000 1024.29 -2.87368
7462000 1054.06 -2.87389
7463000 1002.22 -2.88156
7464000 1009.04 -2.88365
7465000 1022.05 -2.86595
7466000 1039.5 -2.87351
7467000 1076.8 -2.87524
7468000 1034.73 -2.85839
7469000 1010.13 -2.87003
7470000 987.275 -2.88281
7471000 1026.07 -2.86896
7472000 1021.35 -2.87275
7473000 1007.12 -2.87655
7474000 1032.06 -2.87657
7475000 1107.91 -2.85574
7476000 1036.73 -2.87366
7477000 1040.94 -2.86876
7478000 1019.61 -2.87468
7479000 976.785 -2.88215
7480000 1071.31 -2.85717
7481000 1054.67 -2.87047
7482000 1012.4 -2.87505
7483000 1017.6 -2.87032
7484000 985.245 -2.89814
7485000 1057.45 -2.87078
7486000 1043.26 -2.87584
7487000 1011.66 -2.8799
7488000 1040.62 -2.86988
7489000 1010.9 -2.86266
7490000 1048.85 -2.87828
7491000 995.482 -2.87715
7492000 1016.31 -2.88564
7493000 1024.76 -2.89375
7494000 974.857 -2.89246
7495000 1020.4 -2.87021
7496000 1054.57 -2.8667
7497000 991.623 -2.8739
7498000 1052.8 -2.86171
7499000 1021.64 -2.8746
7500000 1025.33 -2.8787
7501000 1081.29 -2.85786
7502000 1047.66 -2.87396
7503000 1044.63 -2.87623
7504000 1008.96 -2.88005
7505000 1027.24 -2.87241
7506000 1024.32 -2.87483
7507000 1019.85 -2.8779
7508000 1007.89 -2.88209
7509000 1028.14 -2.88048
7510000 1115.95 -2.85635
7511000 1016.08 -2.86651
7512000 989.404 -2.88007
7513000 994.241 -2.88068
7514000 1074.73 -2.86583
7515000 1024.64 -2.88507
7516000 1040.83 -2.87414
7517000 1027.58 -2.86954
7518000 973.256 -2.88578
7519000 1030.6 -2.8785
7520000 1018.88 -2.87947
7521000 1011.97 -2.87589
7522000 1054.89 -2.8817
7523000 987.265 -2.89631
7524000 1038.49 -2.88829
7525000 1014.52 -2.87707
7526000 1036.26 -2.87426
7527000 1028.44 -2.88446
7528000 1007.09 -2.87565
7529000 1053.97 -2.86701
7530000 986.286 -2.90055
7531000 1031.84 -2.88523
7532000 1009.84 -2.89363
7533000 1054.13 -2.8653
7534000 1095.55 -2.8518
7535000 1016.2 -2.88466
7536000 1067.12 -2.86427
7537000 1080.95 -2.88316
7538000 1055.91 -2.8793
7539000 1050.2 -2.88233
7540000 1048 -2.8817
7541000 1001.46 -2.87652
7542000 1052.92 -2.89363
7543000 1031.43 -2.88192
7544000 1000.79 -2.88383
7545000 995.561 -2.86895
7546000 1069.48 -2.86321
7547000 1018.9 -2.87835
7548000 1053.07 -2.87543
7549000 979.577 -2.88283
7550000 1033.77 -2.87176
7551000 1016.48 -2.87044
7552000 1024.04 -2.87403
7553000 1055.93 -2.87328
7554000 1096.83 -2.85871
7555000 1061.57 -2.85823
7556000 1016.86 -2.88182
7557000 984.726 -2.88381
7558000 1048.02 -2.87617
7559000 1026.15 -2.88577
7560000 1036.2 -2.87505
7561000 1013.2 -2.8818
7562000 1004.51 -2.88531
7563000 1021.4 -2.8757
7564000 1065.21 -2.86195
7565000 1026.1 -2.86232
7566000 1026.6 -2.86586
7567000 1042.21 -2.87409
7568000 1035.73 -2.87283
7569000 1000.97 -2.88519
7570000 1026.82 -2.88284
7571000 998.723 -2.88881
7572000 1059.31 -2.87404
7573000 1054.14 -2.86865
7574000 1018.02 -2.86064
7575000 1042.87 -2.86749
7576000 998.327 -2.8708
7577000 1002.36 -2.87682
7578000 1019.06 -2.8792
7579000 1087.74 -2.85911
7580000 985.08 -2.88494
7581000 1062.82 -2.87626
7582000 1011.93 -2.89172
7583000 1018.51 -2.88869
7584000 1090.04 -2.88623
7585000 1058.6 -2.89049
7586000 1005.18 -2.88723
7587000 1006.62 -2.89293
7588000 1059.9 -2.86958
7589000 1044.23 -2.88535
7590000 1012.28 -2.8908
7591000 1046.5 -2.88912
7592000 1044.48 -2.88039
7593000 1041.89 -2.86964
7594000 1052.63 -2.88632
7595000 1009.87 -2.89127
7596000 1010.8 -2.87156
7597000 1035.25 -2.87603
7598000 1070.06 -2.88658
7599000 1040.54 -2.88246
7600000 1050.37 -2.87641
7601000 1018.93 -2.88352
7602000 1036.31 -2.88201
7603000 1063.97 -2.88144
7604000 1087.11 -2.86864
7605000 1057.79 -2.87277
7606000 970.914 -2.89212
7607000 1004.16 -2.88629
7608000 1016.02 -2.88066
7609000 987.004 -2.88963
7610000 1047.85 -2.86728
7611000 1027.31 -2.86546
7612000 1042 -2.87028
7613000 1008.07 -2.88726
7614000 1030.23 -2.88613
7615000 1047 -2.88413
7616000 1072.18 -2.89655
7617000 991.367 -2.91212
7618000 1007.39 -2.90143
7619000 1042.48 -2.89661
7620000 1001.38 -2.90227
7621000 959.802 -2.90313
7622000 1020.75 -2.89107
7623000 1019.75 -2.89096
7624000 990.913 -2.88314
7625000 1020.3 -2.88568
7626000 1057.68 -2.87729
7627000 1026.96 -2.8808
7628000 1068.14 -2.86776
7629000 1049.14 -2.88506
7630000 988.008 -2.89116
7631000 1031.47 -2.88101
7632000 1007.87 -2.89427
7633000 1038.88 -2.88681
7634000 987.39 -2.89948
7635000 1052.19 -2.87915
7636000 1051.92 -2.86618
7637000 1027.68 -2.8626
7638000 1020.26 -2.86877
7639000 1017.65 -2.86902
7640000 1014.69 -2.88041
7641000 1025.33 -2.87894
7642000 1025.12 -2.87433
7643000 1033.98 -2.87835
7644000 1033.31 -2.88148
7645000 1057.31 -2.8642
7646000 979.208 -2.8766
7647000 1020.74 -2.87197
7648000 1074.91 -2.86934
7649000 1006.44 -2.88504
7650000 1057.23 -2.87613
7651000 1061.74 -2.8959
7652000 1030.95 -2.88129
7653000 1108.5 -2.86171
7654000 1096.12 -2.8566
7655000 1064.06 -2.85854
7656000 1070.86 -2.86918
7657000 1064.8 -2.88505
7658000 992.595 -2.87789
7659000 1042.64 -2.86817
7660000 1078.07 -2.86842
7661000 1125.3 -2.83156
7662000 1064.31 -2.87358
7663000 1040.57 -2.87895
7664000 1007.29 -2.87008
7665000 1009.9 -2.88132
7666000 1034.07 -2.862
7667000 1044.25 -2.86316
7668000 1009.68 -2.87263
7669000 1084.05 -2.85292
7670000 1060.62 -2.86502
7671000 1011.57 -2.87889
7672000 1002.96 -2.89244
7673000 998.505 -2.8782
7674000 1069.09 -2.85872
7675000 1035.13 -2.87299
7676000 992.125 -2.8812
7677000 1033.3 -2.87468
7678000 1027.99 -2.87943
7679000 1022.1 -2.87778
7680000 990.467 -2.90051
7681000 1025.82 -2.89018
7682000 1009.5 -2.88946
7683000 1004.15 -2.89111
7684000 1023 -2.87714
7685000 1019.97 -2.85632
7686000 987.913 -2.88123
7687000 1071.1 -2.87945
7688000 1067.88 -2.87649
7689000 1075.48 -2.86407
7690000 1055.17 -2.87056
7691000 1052.1 -2.86476
7692000 1046.97 -2.87715
7693000 970.792 -2.91554
7694000 1004.28 -2.89177
7695000 1017.59 -2.882
7696000 1032.27 -2.86927
7697000 1002.78 -2.88384
7698000 1006.25 -2.85651
7699000 1009.43 -2.86592
7700000 1013.61 -2.86168
7701000 998.046 -2.88045
7702000 1057.58 -2.87709
7703000 997.866 -2.88529
7704000 1027.86 -2.87974
7705000 1082.27 -2.87789
7706000 990.039 -2.8898
7707000 1086.25 -2.86753
7708000 1031.73 -2.88041
7709000 1076.64 -2.88158
7710000 1061.21 -2.88092
7711000 1045.61 -2.875
7712000 1036.11 -2.88902
7713000 1049.94 -2.8889
7714000 1039.01 -2.88233
7715000 1041.14 -2.88031
7716000 1053.08 -2.87406
7717000 1105.15 -2.86099
7718000 1032.06 -2.86501
7719000 1110.62 -2.8628
7720000 1057.35 -2.86847
7721000 1059.54 -2.8446
7722000 983.864 -2.88917
7723000 1024.04 -2.8851
7724000 1100.34 -2.85771
7725000 1016.95 -2.88315
7726000 1048.1 -2.88186
7727000 1038.07 -2.89064
7728000 1095.09 -2.85409
7729000 1073.6 -2.87711
7730000 1052.55 -2.8666
7731000 1009.62 -2.88328
7732000 1031.08 -2.86676
7733000 1063.39 -2.87066
7734000 1084.94 -2.8651
7735000 1043.69 -2.8733
7736000 1133.01 -2.84651
7737000 1008.65 -2.8837
7738000 1057.86 -2.85177
7739000 1090.98 -2.85345
7740000 1022.36 -2.87177
7741000 1049.05 -2.8632
7742000 1108.14 -2.85272
7743000 1061.38 -2.86929
7744000 1049.87 -2.87279
7745000 1035.9 -2.8692
7746000 993.716 -2.8786
7747000 1031.77 -2.87475
7748000 1013.97 -2.87594
7749000 1037.92 -2.88062
7750000 1000.24 -2.88063
