# Time-averaged data for fix 2
# TimeStep v_T v_Eatom
6101000 1003.89 -2.88636
6102000 1007.11 -2.87642
6103000 938.569 -2.89192
6104000 1010.18 -2.87081
6105000 1005.41 -2.88325
6106000 1014.41 -2.88279
6107000 1039.84 -2.86188
6108000 1032.67 -2.85639
6109000 1024.46 -2.87202
6110000 1027.74 -2.87434
6111000 1036.64 -2.87889
6112000 1038.16 -2.87594
6113000 984.349 -2.87111
6114000 1019.92 -2.87022
6115000 1028.43 -2.87916
6116000 1016.93 -2.87186
6117000 1018.9 -2.8762
6118000 955.246 -2.88804
6119000 995.578 -2.87592
6120000 973.831 -2.87872
6121000 996.221 -2.90015
6122000 1049.43 -2.86761
6123000 985.827 -2.86096
6124000 1046.79 -2.87208
6125000 966.562 -2.86995
6126000 1023.23 -2.88085
6127000 982.88 -2.88478
6128000 985.935 -2.87869
6129000 1047.43 -2.86911
6130000 982.81 -2.89258
6131000 969.155 -2.89126
6132000 986.454 -2.90705
6133000 1037.7 -2.87814
6134000 1065.15 -2.88098
6135000 1028.89 -2.86097
6136000 1020.8 -2.85875
6137000 1036.09 -2.86179
6138000 993.692 -2.88309
6139000 1019.78 -2.87227
6140000 1003.9 -2.88381
6141000 1051.04 -2.87292
6142000 1017.35 -2.89306
6143000 970.467 -2.89637
6144000 975.496 -2.90081
6145000 932.934 -2.90328
6146000 1019.12 -2.87673
6147000 976.213 -2.88639
6148000 1013.35 -2.87748
6149000 978.854 -2.87567
6150000 1031.01 -2.88613
6151000 1012.87 -2.88156
6152000 981.699 -2.88988
6153000 1032.02 -2.8814
6154000 994.819 -2.86728
6155000 1032.58 -2.87874
6156000 980.575 -2.88355
6157000 951.117 -2.89059
6158000 986.915 -2.8849
6159000 970.089 -2.88504
6160000 1063.31 -2.866
6161000 976.016 -2.8764
6162000 1003.17 -2.88215
6163000 982.777 -2.88553
6164000 1012.26 -2.88739
6165000 974.429 -2.88097
6166000 951.033 -2.87667
6167000 1010.16 -2.86251
6168000 979.74 -2.88862
6169000 974.967 -2.8782
6170000 1000.47 -2.87759
6171000 1019.26 -2.87985
6172000 1030.02 -2.86895
6173000 1026.58 -2.87636
6174000 1044.82 -2.86499
6175000 1028.42 -2.88446
6176000 1030.45 -2.87952
6177000 1060.88 -2.87269
6178000 965.259 -2.88538
6179000 1017.58 -2.88865
6180000 1002.75 -2.88864
6181000 996.164 -2.88974
6182000 1018.28 -2.88832
6183000 1004.29 -2.88921
6184000 975.503 -2.88123
6185000 1000.27 -2.88321
6186000 984.666 -2.88319
6187000 1034.82 -2.88064
6188000 971.272 -2.8669
6189000 990.695 -2.87819
6190000 1036.41 -2.86488
6191000 981.741 -2.88005
6192000 1001.91 -2.88447
6193000 1002.43 -2.87527
6194000 1056.67 -2.87198
6195000 982.449 -2.8688
6196000 1026.95 -2.87517
6197000 1019.37 -2.88022
6198000 952.927 -2.88706
6199000 966.532 -2.89093
6200000 1023.89 -2.87865
6201000 1014.99 -2.87408
6202000 965.55 -2.90754
6203000 1051.82 -2.87036
6204000 1007.37 -2.8838
6205000 1024.59 -2.87683
6206000 982.746 -2.88066
6207000 1033.58 -2.861
6208000 1018.25 -2.87025
6209000 1069.29 -2.85972
6210000 1036.73 -2.87501
6211000 984.358 -2.88437
6212000 1021.54 -2.87418
6213000 957.884 -2.89196
6214000 1022.92 -2.87268
6215000 991.258 -2.88842
6216000 1021.92 -2.8819
6217000 999.584 -2.89167
6218000 1023.74 -2.89802
6219000 1054.15 -2.85785
6220000 1011.42 -2.87497
6221000 972.492 -2.88134
6222000 1004.86 -2.86893
6223000 1030.24 -2.87762
6224000 1014.83 -2.87472
6225000 973.661 -2.88729
6226000 1022.05 -2.87735
6227000 1024.46 -2.88023
6228000 1022.6 -2.87909
6229000 1037.05 -2.87181
6230000 1007.54 -2.85897
6231000 971.731 -2.88322
6232000 985.098 -2.8774
6233000 1025.1 -2.88759
6234000 1000.95 -2.87848
6235000 1075.51 -2.87995
6236000 1047.85 -2.86467
6237000 1019.53 -2.88851
6238000 1025.93 -2.87796
6239000 1016.24 -2.89133
6240000 1013.36 -2.88868
6241000 1029.98 -2.8834
6242000 973.983 -2.90468
6243000 1022.18 -2.88602
6244000 990.095 -2.89589
6245000 976.872 -2.87945
6246000 1039.03 -2.87417
6247000 1000.21 -2.8859
6248000 1033.51 -2.88659
6249000 1041.97 -2.88891
6250000 997.784 -2.88342
6251000 1015.86 -2.89445
6252000 1080.7 -2.88808
6253000 993.192 -2.90589
6254000 1042 -2.89413
6255000 979.832 -2.89288
6256000 1042.83 -2.88444
6257000 1011.63 -2.89153
6258000 1022.05 -2.87552
6259000 1042.25 -2.88144
6260000 1035.13 -2.87669
6261000 996.131 -2.87797
6262000 948.267 -2.89111
6263000 1002.54 -2.89313
6264000 1033.65 -2.88001
6265000 1019.93 -2.87872
6266000 993.357 -2.87817
6267000 1023.88 -2.87661
6268000 991.707 -2.88525
6269000 1071.32 -2.88383
6270000 1062.67 -2.88599
6271000 991.549 -2.89288
6272000 993.405 -2.89841
6273000 1016 -2.89667
6274000 999.511 -2.89617
6275000 990.975 -2.88192
6276000 985.023 -2.88832
6277000 1095.85 -2.87345
6278000 999.826 -2.89424
6279000 1011.19 -2.89378
6280000 997.426 -2.88457
6281000 1038.21 -2.88272
6282000 984.991 -2.88278
6283000 999.401 -2.89378
6284000 1013.45 -2.88962
6285000 1002.86 -2.8799
6286000 1015.36 -2.89274
6287000 1005.43 -2.88627
6288000 989.63 -2.88225
6289000 1016.61 -2.89055
6290000 996.874 -2.88355
6291000 980.472 -2.88905
6292000 979.081 -2.8958
6293000 969.556 -2.88683
6294000 984.243 -2.88927
6295000 964.952 -2.885
6296000 1031.5 -2.8812
6297000 1061.09 -2.88698
6298000 1011.13 -2.88561
6299000 1056.43 -2.86644
6300000 1027.62 -2.89402
6301000 1007.17 -2.88839
6302000 992.995 -2.88868
6303000 1016.57 -2.88228
6304000 1046.07 -2.87364
6305000 1009.23 -2.8908
6306000 986.52 -2.89112
6307000 1032.98 -2.8694
6308000 981.9 -2.89732
6309000 1011.88 -2.87298
6310000 1005.96 -2.89727
6311000 1072.97 -2.87827
6312000 1052.67 -2.88968
6313000 1034.06 -2.8803
6314000 1014.63 -2.87583
6315000 1030.39 -2.87793
6316000 1012.5 -2.87818
6317000 1091.72 -2.87451
6318000 1019.1 -2.86846
6319000 982.048 -2.89335
6320000 950.762 -2.88522
6321000 1009.64 -2.87756
6322000 1014.34 -2.87496
6323000 989.019 -2.87826
6324000 993.968 -2.88176
6325000 1032.54 -2.89499
6326000 1000.67 -2.88658
6327000 1002.06 -2.88732
6328000 985.759 -2.87607
6329000 1044.92 -2.86078
6330000 976.716 -2.87904
6331000 1026.13 -2.87829
6332000 1009.7 -2.88602
6333000 931.028 -2.89269
6334000 992.875 -2.8952
6335000 991.629 -2.89342
6336000 970.304 -2.89913
6337000 1025.36 -2.89059
6338000 998.333 -2.90555
6339000 981.555 -2.90631
6340000 1024.87 -2.89407
6341000 968.809 -2.89566
6342000 961.135 -2.9141
6343000 1000.36 -2.90694
6344000 975.373 -2.88602
6345000 1069.19 -2.87874
6346000 1033.64 -2.89357
6347000 1025.19 -2.88437
6348000 1018.18 -2.87891
6349000 1011.75 -2.8818
6350000 990.677 -2.88969
6351000 982.803 -2.90091
6352000 965.809 -2.89236
6353000 1041.29 -2.87672
6354000 1036.15 -2.89632
6355000 1021.66 -2.8986
6356000 1032.75 -2.88615
6357000 991.949 -2.89139
6358000 1014.98 -2.86763
6359000 991.835 -2.8951
6360000 984.679 -2.89152
6361000 981.911 -2.89956
6362000 1063.16 -2.87093
6363000 1034.99 -2.88309
6364000 1020.14 -2.89339
6365000 1060.44 -2.88415
6366000 1028.47 -2.88173
6367000 988.581 -2.88326
6368000 949.492 -2.87754
6369000 1023.07 -2.8859
6370000 1032.22 -2.87252
6371000 1068.23 -2.88322
6372000 1003.3 -2.88386
6373000 936.641 -2.90049
6374000 993.755 -2.88581
6375000 980.544 -2.88631
6376000 1003.38 -2.88855
6377000 973.231 -2.90345
6378000 1026.02 -2.89026
6379000 994.844 -2.89874
6380000 1007.14 -2.88503
6381000 1018.6 -2.8926
6382000 988.455 -2.88593
6383000 989.692 -2.88371
6384000 982.117 -2.88429
6385000 1096.74 -2.87403
6386000 967.471 -2.87818
6387000 1087.33 -2.86962
6388000 989.069 -2.89374
6389000 979.253 -2.88506
6390000 994.769 -2.88158
6391000 988.861 -2.90019
6392000 988.214 -2.8847
6393000 1010.32 -2.87716
6394000 1038.72 -2.88226
6395000 963.044 -2.8949
6396000 965.656 -2.88544
6397000 1033.45 -2.88254
6398000 989.474 -2.89194
6399000 1047.26 -2.8773
6400000 968.847 -2.89105
6401000 1054.81 -2.87293
6402000 982.962 -2.89939
6403000 1019.3 -2.88984
6404000 1001.29 -2.88508
6405000 1068.34 -2.8829
6406000 990.29 -2.89158
6407000 1035.97 -2.88709
6408000 985.183 -2.88938
6409000 995.829 -2.89322
6410000 1025.22 -2.86718
6411000 1049.43 -2.87876
6412000 1032.48 -2.86643
6413000 987.725 -2.88298
6414000 1030.21 -2.87844
6415000 1015.69 -2.89215
6416000 976.783 -2.90275
6417000 1002.07 -2.88605
6418000 1011.81 -2.87714
6419000 963.916 -2.88236
6420000 1013.46 -2.88961
6421000 983.635 -2.90171
6422000 1044.2 -2.87236
6423000 1037.19 -2.89191
6424000 1065.39 -2.87935
6425000 981.79 -2.87794
6426000 1040.43 -2.86695
6427000 1060.67 -2.87037
6428000 1009.37 -2.86468
6429000 1001.64 -2.87722
6430000 977.088 -2.89835
6431000 1042.58 -2.88597
6432000 955.795 -2.89925
6433000 988.265 -2.88798
6434000 1068.61 -2.86499
6435000 1017.96 -2.88313
6436000 1017.3 -2.88773
6437000 970.04 -2.89028
6438000 984.313 -2.8811
6439000 996.467 -2.87605
6440000 998.729 -2.88937
6441000 964.077 -2.87801
6442000 1009.93 -2.88852
6443000 997.765 -2.88012
6444000 1032.1 -2.87702
6445000 993.44 -2.8921
6446000 985.747 -2.89244
6447000 1082.87 -2.87021
6448000 994.61 -2.86842
6449000 996.986 -2.8803
6450000 1038.76 -2.89692
6451000 1064.64 -2.8823
6452000 1035.87 -2.89539
6453000 1035.01 -2.88614
6454000 1018.25 -2.88981
6455000 1013.26 -2.89055
6456000 984.331 -2.87011
6457000 968.192 -2.88816
6458000 993.062 -2.88122
6459000 997.362 -2.88596
6460000 1004.78 -2.88695
6461000 1043.76 -2.87929
6462000 1007.99 -2.89614
6463000 1020.72 -2.8879
6464000 999.848 -2.9107
6465000 1021.48 -2.88849
6466000 1030.55 -2.88572
6467000 1032.3 -2.88157
6468000 1029.79 -2.89007
6469000 991.483 -2.8944
6470000 1004.23 -2.89024
6471000 1032.17 -2.88645
6472000 983.792 -2.88585
6473000 1040.12 -2.86584
6474000 962.495 -2.87513
6475000 997.938 -2.87624
6476000 1036.28 -2.87737
6477000 1018.09 -2.88462
6478000 1034.02 -2.87208
6479000 1016.43 -2.86434
6480000 991.849 -2.88663
6481000 1010.81 -2.87011
6482000 985.608 -2.88702
6483000 1032.38 -2.88756
6484000 1037.75 -2.88002
6485000 1035.65 -2.88644
6486000 1032.23 -2.85959
6487000 1015.97 -2.87684
6488000 1065.44 -2.86436
6489000 1032.5 -2.87262
6490000 1036.47 -2.87454
6491000 949.968 -2.89265
6492000 1022.02 -2.87131
6493000 1036.8 -2.87904
6494000 965.085 -2.87913
6495000 1035.37 -2.86139
6496000 998.883 -2.87394
6497000 1056.9 -2.86528
6498000 1014.05 -2.89668
6499000 949.487 -2.87838
6500000 1029.66 -2.86244
6501000 1046.03 -2.87817
6502000 1031 -2.88908
6503000 987.05 -2.87168
6504000 1000.03 -2.88591
6505000 1051.94 -2.86247
6506000 994.759 -2.89219
6507000 955.756 -2.90152
6508000 973.753 -2.88875
6509000 1057.8 -2.87287
6510000 1001.54 -2.894
6511000 955.438 -2.88876
6512000 1034.95 -2.88869
6513000 1010.78 -2.87198
6514000 1003.36 -2.89314
6515000 983.545 -2.88878
6516000 999.975 -2.88277
6517000 1028.37 -2.8776
6518000 1029.66 -2.8739
6519000 999.761 -2.8884
6520000 975.564 -2.89359
6521000 1006.33 -2.88277
6522000 1067.61 -2.86127
6523000 1044.69 -2.86734
6524000 982.616 -2.87349
6525000 1068.19 -2.85667
6526000 995.157 -2.8806
6527000 989.766 -2.88502
6528000 1044.02 -2.87387
6529000 969.481 -2.89778
6530000 1085.83 -2.86998
6531000 977.394 -2.90208
6532000 961.295 -2.89543
6533000 990.338 -2.88009
6534000 1026 -2.88245
6535000 1016.12 -2.87392
6536000 1007.44 -2.87592
6537000 1001.49 -2.88497
6538000 1048.63 -2.88724
6539000 1030.57 -2.88971
6540000 1065.5 -2.87275
6541000 983.756 -2.8817
6542000 1082.96 -2.86715
6543000 968.776 -2.90148
6544000 1002.05 -2.88878
6545000 1001.67 -2.8724
6546000 1096.94 -2.85393
6547000 970.742 -2.88758
6548000 993.248 -2.88889
6549000 989.002 -2.88252
6550000 963.618 -2.89197
6551000 960.789 -2.88833
6552000 1055.98 -2.86414
6553000 948.158 -2.88999
6554000 948.115 -2.88368
6555000 1032.94 -2.86786
6556000 1039.06 -2.88029
6557000 1057.13 -2.85784
6558000 1019.36 -2.87394
6559000 1008.12 -2.87213
6560000 977.3 -2.88337
6561000 949.961 -2.89333
6562000 988.791 -2.87521
6563000 994.674 -2.87824
6564000 953.789 -2.8894
6565000 1034.46 -2.88278
6566000 1076.92 -2.8752
6567000 1025.82 -2.88398
6568000 1016.64 -2.87043
6569000 983.73 -2.88988
6570000 1040.08 -2.87691
6571000 1031.44 -2.8766
6572000 1001.3 -2.8744
6573000 1052.23 -2.88079
6574000 1019.86 -2.8831
6575000 1071.62 -2.87
6576000 983.153 -2.88431
6577000 1021.16 -2.87157
6578000 943.009 -2.89387
6579000 1041.45 -2.88326
6580000 970.394 -2.90892
6581000 999.838 -2.89556
6582000 1007.35 -2.89722
6583000 979.238 -2.89057
6584000 1001.77 -2.89205
6585000 951.993 -2.87219
6586000 1003.87 -2.8852
6587000 1033.76 -2.87518
6588000 963.611 -2.88063
6589000 1031.32 -2.88537
6590000 992.79 -2.884
6591000 969.724 -2.8953
6592000 999.494 -2.88412
6593000 1028.31 -2.86709
6594000 988.425 -2.87529
6595000 1023.6 -2.88384
6596000 976.709 -2.87974
6597000 973.718 -2.87835
6598000 1010 -2.86672
6599000 980.336 -2.88894
6600000 998.737 -2.8798
6601000 996.301 -2.88679
6602000 980.104 -2.87016
6603000 982.924 -2.87452
6604000 1040.31 -2.86852
6605000 1019.65 -2.86386
6606000 1018.16 -2.86243
6607000 1034.61 -2.87069
6608000 992.904 -2.87003
6609000 1036.71 -2.87682
6610000 978.94 -2.8735
6611000 1083 -2.85853
6612000 1053.33 -2.8731
6613000 994.067 -2.88998
6614000 1024.33 -2.87541
6615000 1029.17 -2.87714
6616000 998.211 -2.88138
6617000 981.307 -2.87598
6618000 1003.05 -2.87096
6619000 980.453 -2.88535
6620000 1030.1 -2.88176
6621000 1008.17 -2.88154
6622000 1043.2 -2.87984
6623000 1003.11 -2.88598
6624000 1005.15 -2.88539
6625000 1013.8 -2.8811
6626000 1030.25 -2.87118
6627000 1075.61 -2.87226
6628000 1049.55 -2.86813
6629000 1017.08 -2.86345
6630000 1083.53 -2.85679
6631000 1017.19 -2.87277
6632000 958.662 -2.88771
6633000 1055.35 -2.87421
6634000 1023.18 -2.88223
6635000 1004.62 -2.88617
6636000 1055.84 -2.8701
6637000 964.438 -2.90078
6638000 1009.41 -2.88125
6639000 1033.51 -2.87658
6640000 1065.26 -2.86795
6641000 983.266 -2.87989
6642000 997.727 -2.88718
6643000 985.561 -2.86899
6644000 1022.77 -2.88376
6645000 1021.17 -2.87001
6646000 1018.92 -2.88478
6647000 1040.97 -2.87934
6648000 1006.74 -2.88045
6649000 1042.49 -2.87486
6650000 987.933 -2.89555
