# Time-averaged data for fix 2
# TimeStep v_T v_Eatom
5551000 1045.71 -2.87703
5552000 998.427 -2.90276
5553000 996.107 -2.88659
5554000 1003.87 -2.89622
5555000 968.74 -2.90825
5556000 1029.57 -2.89063
5557000 1022.47 -2.86877
5558000 1064.22 -2.87014
5559000 994.637 -2.87945
5560000 1053.75 -2.88116
5561000 1002.44 -2.89288
5562000 949.72 -2.89384
5563000 1023.46 -2.887
5564000 995.093 -2.87563
5565000 1002.63 -2.90198
5566000 986.767 -2.89543
5567000 981.955 -2.87516
5568000 990.329 -2.88726
5569000 980.972 -2.88227
5570000 991.787 -2.9013
5571000 977.661 -2.90442
5572000 1019.5 -2.90684
5573000 996.738 -2.89904
5574000 1034.29 -2.87592
5575000 1015.37 -2.89265
5576000 1011.46 -2.87472
5577000 1065.9 -2.87741
5578000 963.696 -2.89852
5579000 995.233 -2.88437
5580000 1010.1 -2.8996
5581000 977.346 -2.90548
5582000 993.041 -2.90619
5583000 982.501 -2.91297
5584000 957.763 -2.89214
5585000 970.54 -2.91798
5586000 952.83 -2.91838
5587000 1029.51 -2.88974
5588000 932.048 -2.91112
5589000 956.263 -2.90166
5590000 1000.42 -2.88386
5591000 1014.36 -2.90003
5592000 982.454 -2.90467
5593000 940.503 -2.90617
5594000 1006.18 -2.89406
5595000 1032.69 -2.89638
5596000 1010.82 -2.88103
5597000 953.911 -2.89607
5598000 1036.07 -2.87149
5599000 987.437 -2.8826
5600000 970.155 -2.88639
5601000 1005.33 -2.88491
5602000 1014.36 -2.87339
5603000 946.625 -2.89174
5604000 982.511 -2.88412
5605000 995.872 -2.9003
5606000 958.937 -2.90086
5607000 1044.68 -2.88207
5608000 984.982 -2.88847
5609000 1012.81 -2.89301
5610000 1099.33 -2.87
5611000 1014.3 -2.88193
5612000 1022.16 -2.88377
5613000 978.537 -2.8898
5614000 972.166 -2.89276
5615000 981.091 -2.88517
5616000 1015.35 -2.91147
5617000 1029.77 -2.89894
5618000 1060.24 -2.90312
5619000 931.991 -2.90448
5620000 999.348 -2.89138
5621000 1001.79 -2.88735
5622000 1005.96 -2.87645
5623000 986.219 -2.88445
5624000 958.834 -2.89344
5625000 981.632 -2.89397
5626000 1001.21 -2.89198
5627000 1011.91 -2.88352
5628000 1013.78 -2.91149
5629000 1025.91 -2.88756
5630000 1004.84 -2.89459
5631000 964.623 -2.8987
5632000 952.334 -2.9051
5633000 998.677 -2.89697
5634000 1029.74 -2.89012
5635000 1011.93 -2.8822
5636000 985.419 -2.88545
5637000 998.656 -2.88421
5638000 1015.19 -2.88866
5639000 997.307 -2.87596
5640000 1003.73 -2.88867
5641000 967.512 -2.89525
5642000 1025.12 -2.89139
5643000 972.49 -2.8927
5644000 1013.79 -2.89121
5645000 1038.96 -2.88591
5646000 1003.68 -2.87462
5647000 1022.93 -2.87657
5648000 1040.17 -2.86786
5649000 1042.45 -2.87574
5650000 1038.42 -2.89173
5651000 1023.76 -2.88288
5652000 980.142 -2.90452
5653000 973.294 -2.89335
5654000 968.14 -2.89082
5655000 988.477 -2.88923
5656000 988.826 -2.8825
5657000 954.741 -2.90083
5658000 1012.15 -2.89843
5659000 1014.38 -2.88206
5660000 1000.73 -2.88741
5661000 971.501 -2.89539
5662000 1009.32 -2.87753
5663000 1028.08 -2.88224
5664000 1007 -2.88109
5665000 971.368 -2.8896
5666000 1011.87 -2.89091
5667000 1017.89 -2.88691
5668000 1054.55 -2.87784
5669000 1006.6 -2.88672
5670000 938.153 -2.91019
5671000 1029.15 -2.88937
5672000 961.17 -2.89546
5673000 965.864 -2.89654
5674000 1018.01 -2.89116
5675000 1001.96 -2.89275
5676000 1003.53 -2.89823
5677000 984.124 -2.89556
5678000 1046.11 -2.87321
5679000 1002.75 -2.88198
5680000 1016.87 -2.88866
5681000 1001.81 -2.89003
5682000 978.415 -2.89609
5683000 1038.8 -2.88344
5684000 984.476 -2.89204
5685000 966.385 -2.90326
5686000 961.098 -2.8981
5687000 960.142 -2.90731
5688000 999.627 -2.89106
5689000 1051.58 -2.88125
5690000 998.579 -2.88552
5691000 972.897 -2.88745
5692000 1004.53 -2.88971
5693000 1034.88 -2.87608
5694000 1026.65 -2.89121
5695000 1001.08 -2.89848
5696000 984.307 -2.89623
5697000 961.405 -2.89817
5698000 978.794 -2.90902
5699000 1071.09 -2.87865
5700000 1020.7 -2.88986
5701000 1008.77 -2.89686
5702000 1012.91 -2.8843
5703000 972.669 -2.89028
5704000 967.84 -2.90184
5705000 1010.55 -2.90076
5706000 1016.46 -2.88347
5707000 952.452 -2.89175
5708000 987.197 -2.89331
5709000 997.03 -2.88623
5710000 1036.32 -2.88739
5711000 987.308 -2.89775
5712000 1039.3 -2.87825
5713000 983.078 -2.8989
5714000 942.684 -2.90304
5715000 1005.01 -2.89448
5716000 964.782 -2.90824
5717000 975.129 -2.90274
5718000 1017.34 -2.8884
5719000 1031.09 -2.88736
5720000 971.807 -2.89089
5721000 1022.2 -2.87534
5722000 973.594 -2.88
5723000 975.708 -2.88544
5724000 946.387 -2.88931
5725000 998.188 -2.88798
5726000 986.669 -2.88416
5727000 943.4 -2.88462
5728000 1033.81 -2.87219
5729000 958.179 -2.90386
5730000 947.646 -2.89909
5731000 992.839 -2.89053
5732000 1041.25 -2.87866
5733000 1047.87 -2.87754
5734000 1035.14 -2.88641
5735000 1000.09 -2.89078
5736000 1001.5 -2.88893
5737000 1003.8 -2.89428
5738000 1064.47 -2.88512
5739000 1004.5 -2.88681
5740000 1032.48 -2.88855
5741000 994.452 -2.8946
5742000 1027.52 -2.89917
5743000 956.918 -2.90434
5744000 967.454 -2.8853
5745000 991.095 -2.89449
5746000 999.451 -2.88632
5747000 971.506 -2.88796
5748000 962.168 -2.88351
5749000 987.849 -2.88633
5750000 959.019 -2.89557
5751000 1016.89 -2.88227
5752000 965.654 -2.89968
5753000 1000.15 -2.88893
5754000 1023.87 -2.86988
5755000 979.261 -2.88271
5756000 972.005 -2.88242
5757000 1012.75 -2.88897
5758000 950.061 -2.89515
5759000 1045.92 -2.88163
5760000 969.661 -2.89422
5761000 1022.17 -2.89825
5762000 978.757 -2.8923
5763000 993.319 -2.89832
5764000 1000.24 -2.90293
5765000 1024.94 -2.88469
5766000 1037.48 -2.88209
5767000 1028.94 -2.88853
5768000 1008.17 -2.8894
5769000 1031.17 -2.89644
5770000 977.959 -2.8949
5771000 992.962 -2.88327
5772000 1032.54 -2.88511
5773000 1060.64 -2.87922
5774000 1022.05 -2.87294
5775000 1004.74 -2.88017
5776000 1059.36 -2.88132
5777000 995.654 -2.88488
5778000 985.954 -2.8868
5779000 1063.97 -2.87491
5780000 1005.95 -2.89301
5781000 1042.65 -2.8796
5782000 998.437 -2.88778
5783000 967.114 -2.88838
5784000 1011.02 -2.88499
5785000 1010.31 -2.88446
5786000 945.27 -2.90429
5787000 962.782 -2.9029
5788000 992.505 -2.88854
5789000 988.375 -2.90246
5790000 995.479 -2.87913
5791000 1009.25 -2.89185
5792000 962.363 -2.89413
5793000 959.364 -2.89965
5794000 1014.53 -2.88759
5795000 994.978 -2.90015
5796000 948.536 -2.8973
5797000 956.652 -2.90351
5798000 946.246 -2.9101
5799000 1027.22 -2.89828
5800000 948.911 -2.90232
5801000 1030.85 -2.89151
5802000 1020.71 -2.89142
5803000 1044.28 -2.89063
5804000 980.046 -2.89781
5805000 1033.34 -2.87724
5806000 944.213 -2.88918
5807000 968.302 -2.89599
5808000 967.404 -2.88848
5809000 1021.59 -2.88579
5810000 1016.44 -2.87705
5811000 1001.39 -2.89612
5812000 1000.69 -2.8923
5813000 989.19 -2.88744
5814000 967.065 -2.88657
5815000 996.09 -2.88982
5816000 1012.94 -2.88393
5817000 951.735 -2.90229
5818000 968.736 -2.89299
5819000 1078.78 -2.86928
5820000 1036.16 -2.88911
5821000 1021.57 -2.87658
5822000 960.777 -2.89312
5823000 1011.1 -2.88604
5824000 1003.39 -2.88601
5825000 1029.95 -2.87725
5826000 983.02 -2.88798
5827000 1069.1 -2.85876
5828000 998.395 -2.87238
5829000 1027.3 -2.87387
5830000 1020.9 -2.88335
5831000 1017.08 -2.88465
5832000 1021.47 -2.89149
5833000 987.903 -2.90551
5834000 1049.37 -2.88984
5835000 1025.51 -2.88962
5836000 976.177 -2.88176
5837000 989.575 -2.88695
5838000 983.212 -2.88923
5839000 1007.23 -2.88728
5840000 986.147 -2.88491
5841000 998.663 -2.87656
5842000 1049.26 -2.85339
5843000 1034.58 -2.87888
5844000 958.254 -2.90224
5845000 974.617 -2.89484
5846000 998.632 -2.89334
5847000 1000.28 -2.87019
5848000 1004.91 -2.89534
5849000 1002.24 -2.89089
5850000 951.083 -2.91419
5851000 1027.91 -2.89014
5852000 973.139 -2.90386
5853000 990.721 -2.89842
5854000 1028.12 -2.90308
5855000 982.019 -2.89684
5856000 952.088 -2.89557
5857000 1007.89 -2.88761
5858000 977.441 -2.90648
5859000 960.118 -2.89242
5860000 1007.88 -2.89457
5861000 985.358 -2.89475
5862000 1048.51 -2.87078
5863000 1010.86 -2.88784
5864000 1015.87 -2.88844
5865000 999.447 -2.89425
5866000 957.239 -2.90719
5867000 1006.38 -2.88345
5868000 1002.95 -2.88816
5869000 978.716 -2.87905
5870000 1040.92 -2.86473
5871000 976.055 -2.88502
5872000 995.767 -2.8846
5873000 1033.07 -2.86248
5874000 1020.14 -2.89076
5875000 986.911 -2.89136
5876000 995.804 -2.90261
5877000 981.64 -2.90631
5878000 985.259 -2.89876
5879000 985.776 -2.88734
5880000 1020.09 -2.88712
5881000 1028.45 -2.88992
5882000 1017.15 -2.89908
5883000 996.387 -2.90305
5884000 981.67 -2.89974
5885000 998.135 -2.89275
5886000 953.221 -2.89755
5887000 939.063 -2.90021
5888000 1002.84 -2.8797
5889000 1008.86 -2.88384
5890000 984.188 -2.89232
5891000 949.608 -2.90491
5892000 1051.18 -2.87437
5893000 1044.69 -2.88938
5894000 1009.24 -2.88246
5895000 1027.09 -2.86967
5896000 1039.17 -2.8726
5897000 981.825 -2.88601
5898000 965.236 -2.90228
5899000 1031.61 -2.89394
5900000 991.142 -2.90453
5901000 970.702 -2.8877
5902000 1037.54 -2.88142
5903000 1003.99 -2.87852
5904000 1010.11 -2.89207
5905000 1037.69 -2.88494
5906000 995.17 -2.89829
5907000 987.117 -2.88778
5908000 979.011 -2.90292
5909000 967.225 -2.88579
5910000 992.427 -2.88988
5911000 968.9 -2.89691
5912000 1036.8 -2.88228
5913000 1013.52 -2.8826
5914000 943.748 -2.90744
5915000 970.698 -2.89758
5916000 1020.49 -2.87673
5917000 948.809 -2.88622
5918000 982.605 -2.88914
5919000 1042.54 -2.90045
5920000 989.767 -2.88168
5921000 1007.41 -2.88635
5922000 995.436 -2.88939
5923000 957.863 -2.8823
5924000 1037.87 -2.87763
5925000 994.8 -2.88119
5926000 1001.85 -2.88052
5927000 976.765 -2.89327
5928000 970.713 -2.88519
5929000 963.578 -2.89849
5930000 958.918 -2.88584
5931000 1005.34 -2.87732
5932000 952.62 -2.89232
5933000 1026.56 -2.87443
5934000 971.686 -2.89649
5935000 991.334 -2.88911
5936000 1034.59 -2.87986
5937000 977.467 -2.89072
5938000 981.144 -2.89194
5939000 984.012 -2.89435
5940000 980.76 -2.88161
5941000 973.454 -2.88437
5942000 978.676 -2.89315
5943000 1029.12 -2.87482
5944000 1012.21 -2.88189
5945000 983.363 -2.88817
5946000 1011.83 -2.87294
5947000 1039.56 -2.879
5948000 921.041 -2.89975
5949000 997.09 -2.88325
5950000 1013.08 -2.88312
5951000 1003.47 -2.87968
5952000 1010.14 -2.88168
5953000 930.795 -2.89523
5954000 1022.55 -2.89045
5955000 1056.68 -2.87646
5956000 1055.26 -2.88412
5957000 970.664 -2.87938
5958000 1034.9 -2.88055
5959000 972.66 -2.89381
5960000 983.462 -2.89216
5961000 1045.83 -2.87951
5962000 1002.51 -2.90229
5963000 1008.71 -2.8919
5964000 1028.67 -2.88783
5965000 1041.31 -2.88943
5966000 959.888 -2.8905
5967000 991.071 -2.89521
5968000 1002.03 -2.89061
5969000 950.487 -2.90916
5970000 987.901 -2.89945
5971000 967.058 -2.88662
5972000 952.866 -2.89181
5973000 985.559 -2.89402
5974000 988.993 -2.88949
5975000 948.461 -2.89881
5976000 1018.28 -2.88831
5977000 970.556 -2.89162
5978000 1006.58 -2.88355
5979000 1043.74 -2.86242
5980000 986.705 -2.89266
5981000 968.1 -2.8966
5982000 1001.47 -2.88836
5983000 973.771 -2.88912
5984000 1000.4 -2.87861
5985000 964.549 -2.89447
5986000 1035.15 -2.89196
5987000 1012.23 -2.87663
5988000 1013.22 -2.87936
5989000 978.814 -2.86838
5990000 1014.94 -2.88144
5991000 975.058 -2.88269
5992000 970.759 -2.89396
5993000 1002.63 -2.87979
5994000 982.914 -2.89313
5995000 996.296 -2.87314
5996000 1017.19 -2.8893
5997000 990.001 -2.86716
5998000 1002.56 -2.86907
5999000 1004.43 -2.8823
6000000 1008.15 -2.88046
6001000 943.142 -2.89107
6002000 977.744 -2.88429
6003000 986.758 -2.88381
6004000 938.995 -2.89372
6005000 1011.7 -2.87367
6006000 957.563 -2.8875
6007000 992.92 -2.9026
6008000 1054.83 -2.88669
6009000 1002.82 -2.88652
6010000 1068.53 -2.8815
6011000 979.998 -2.88983
6012000 954.093 -2.89187
6013000 1048.1 -2.89023
6014000 947.247 -2.89538
6015000 1008.71 -2.90192
6016000 993.876 -2.8815
6017000 1009.18 -2.89396
6018000 1011.32 -2.88081
6019000 974.497 -2.8901
6020000 1014.05 -2.88426
6021000 951.753 -2.8911
6022000 988.374 -2.89248
6023000 936.763 -2.88524
6024000 1050.55 -2.86209
6025000 1015.78 -2.8679
6026000 995.655 -2.8534
6027000 1048.25 -2.86093
6028000 1059.89 -2.87357
6029000 963.908 -2.88498
6030000 977.387 -2.88875
6031000 965.86 -2.89828
6032000 1032.83 -2.88061
6033000 1006.37 -2.87967
6034000 1021.28 -2.8879
6035000 989.013 -2.88597
6036000 988.047 -2.8905
6037000 993.398 -2.88491
6038000 996.052 -2.87977
6039000 1023.91 -2.88378
6040000 1011.77 -2.88881
6041000 1002.86 -2.90904
6042000 994.354 -2.89844
6043000 982.073 -2.91517
6044000 979.842 -2.90873
6045000 981.89 -2.90669
6046000 1002.38 -2.90467
6047000 969.039 -2.92284
6048000 1051 -2.9166
6049000 984.248 -2.92505
6050000 974.529 -2.92522
6051000 988.915 -2.91752
6052000 1015.74 -2.90582
6053000 1008.72 -2.92924
6054000 971.949 -2.93183
6055000 1082.32 -2.91284
6056000 977.665 -2.92569
6057000 964.539 -2.92417
6058000 1031.1 -2.91422
6059000 1011.48 -2.91342
6060000 1012.72 -2.90692
6061000 1062.85 -2.89064
6062000 976.487 -2.89504
6063000 977.228 -2.89719
6064000 1047.33 -2.88889
6065000 1004.04 -2.90137
6066000 938.923 -2.89383
6067000 993.678 -2.88853
6068000 1003.37 -2.89168
6069000 977.051 -2.87776
6070000 1038.97 -2.88474
6071000 987.795 -2.89291
6072000 1023.79 -2.89923
6073000 998.701 -2.89592
6074000 1000.28 -2.89576
6075000 975.306 -2.90083
6076000 1016.99 -2.88204
6077000 993.047 -2.89193
6078000 991.397 -2.88898
6079000 1039.78 -2.86172
6080000 1052.65 -2.87027
6081000 1017.44 -2.88617
6082000 1026.09 -2.87645
6083000 1018.23 -2.88985
6084000 1000.06 -2.88399
6085000 1027.55 -2.8759
6086000 1020.19 -2.87487
6087000 975.097 -2.89464
6088000 1032.99 -2.86477
6089000 1004.31 -2.87488
6090000 1059.98 -2.88238
6091000 974.407 -2.88885
6092000 1003.58 -2.85986
6093000 1055.02 -2.86645
6094000 1036.96 -2.88713
6095000 1039.46 -2.87688
6096000 1018.81 -2.88634
6097000 1031.91 -2.87131
6098000 957.221 -2.8902
6099000 1045.73 -2.86753
6100000 1047.06 -2.87046
