# Time-averaged data for fix 2
# TimeStep v_T v_Eatom
2801000 932.691 -2.95947
2802000 974.093 -2.95348
2803000 940.944 -2.96547
2804000 942.245 -2.95799
2805000 1032.68 -2.93472
2806000 928.956 -2.94548
2807000 935.016 -2.95568
2808000 919.934 -2.95236
2809000 895.87 -2.96684
2810000 960.485 -2.95075
2811000 969.392 -2.9459
2812000 934.113 -2.95877
2813000 931.862 -2.96259
2814000 962.912 -2.9556
2815000 940.931 -2.94768
2816000 944.97 -2.95634
2817000 980.483 -2.94051
2818000 934.6 -2.96299
2819000 931.258 -2.95641
2820000 939.436 -2.95449
2821000 912.859 -2.95887
2822000 933.915 -2.95426
2823000 973.347 -2.95344
2824000 944.022 -2.94946
2825000 928.626 -2.9647
2826000 934.051 -2.96086
2827000 923.057 -2.96596
2828000 973.365 -2.94875
2829000 962.244 -2.95007
2830000 999.017 -2.94755
2831000 966.382 -2.95636
2832000 928.994 -2.96225
2833000 944.208 -2.96546
2834000 966.439 -2.95475
2835000 985.666 -2.95519
2836000 944.231 -2.95038
2837000 887.841 -2.96341
2838000 996.315 -2.93786
2839000 967.654 -2.94622
2840000 898.872 -2.96503
2841000 901.149 -2.95453
2842000 912.654 -2.96494
2843000 965.629 -2.95081
2844000 896.727 -2.96403
2845000 965.466 -2.95738
2846000 923.842 -2.96226
2847000 935.824 -2.96428
2848000 941.908 -2.95671
2849000 971.476 -2.95704
2850000 899.753 -2.96084
2851000 914.094 -2.95581
2852000 1029.03 -2.93723
2853000 879.478 -2.9641
2854000 986.327 -2.93894
2855000 949.1 -2.94825
2856000 964.765 -2.95556
2857000 927.025 -2.96404
2858000 949.107 -2.95114
2859000 977.518 -2.94101
2860000 945.041 -2.95053
2861000 958.619 -2.95098
2862000 953.605 -2.95548
2863000 1003.43 -2.94022
2864000 1007.77 -2.95062
2865000 954.738 -2.94995
2866000 935.42 -2.95468
2867000 966.971 -2.94301
2868000 974.37 -2.95038
2869000 965.124 -2.94851
2870000 939.857 -2.94181
2871000 971.381 -2.93917
2872000 948.725 -2.93376
2873000 923.736 -2.95477
2874000 965.248 -2.94273
2875000 901.277 -2.95488
2876000 938.625 -2.95737
2877000 913.274 -2.95163
2878000 975.683 -2.93859
2879000 941.957 -2.91196
2880000 929.495 -2.92992
2881000 991.211 -2.93865
2882000 902.21 -2.94847
2883000 951.661 -2.92961
2884000 957.034 -2.95111
2885000 945.654 -2.93569
2886000 936.245 -2.93463
2887000 889.105 -2.95132
2888000 962.475 -2.95553
2889000 942.029 -2.95469
2890000 981.495 -2.94403
2891000 917.707 -2.95983
2892000 917.018 -2.95609
2893000 932.084 -2.95641
2894000 925.703 -2.95901
2895000 932.844 -2.94695
2896000 936.433 -2.95133
2897000 934.667 -2.95029
2898000 953.184 -2.93823
2899000 931.837 -2.9492
2900000 983.096 -2.9419
2901000 960.096 -2.94081
2902000 942.577 -2.96236
2903000 940.279 -2.96146
2904000 926.567 -2.95301
2905000 895.421 -2.95422
2906000 963.874 -2.95394
2907000 922.606 -2.93904
2908000 942.125 -2.95867
2909000 941.003 -2.94951
2910000 1005.67 -2.94425
2911000 976.93 -2.9506
2912000 939.296 -2.95673
2913000 934.984 -2.95542
2914000 902.045 -2.96386
2915000 928.24 -2.95951
2916000 933.254 -2.95738
2917000 940.118 -2.96049
2918000 962.968 -2.96075
2919000 962.661 -2.955
2920000 967.54 -2.9483
2921000 996.516 -2.95117
2922000 925.491 -2.95601
2923000 941.782 -2.96519
2924000 947.977 -2.94965
2925000 988.132 -2.94893
2926000 910.023 -2.96503
2927000 892.004 -2.96899
2928000 990.592 -2.94835
2929000 992.137 -2.95028
2930000 961.621 -2.946
2931000 956.919 -2.94614
2932000 952.21 -2.95369
2933000 965.922 -2.94494
2934000 935.031 -2.95568
2935000 966.247 -2.94761
2936000 940.433 -2.95611
2937000 972.371 -2.95091
2938000 965.394 -2.94671
2939000 930.171 -2.9563
2940000 935.016 -2.95373
2941000 1020.37 -2.93056
2942000 909.69 -2.95041
2943000 959.493 -2.95321
2944000 922.339 -2.95856
2945000 890.243 -2.97821
2946000 966.294 -2.95501
2947000 900.502 -2.97466
2948000 935.447 -2.95546
2949000 973.596 -2.95078
2950000 907.387 -2.96497
2951000 917.62 -2.96873
2952000 958.593 -2.9516
2953000 948.036 -2.96422
2954000 935.843 -2.95667
2955000 996.147 -2.94476
2956000 931.551 -2.95253
2957000 963.883 -2.9485
2958000 955.872 -2.95075
2959000 925.101 -2.957
2960000 943.646 -2.95294
2961000 964.145 -2.9487
2962000 916.011 -2.97303
2963000 938.267 -2.95206
2964000 878.614 -2.96505
2965000 934.322 -2.94945
2966000 981.771 -2.9514
2967000 956.65 -2.95198
2968000 968.431 -2.94456
2969000 952.442 -2.957
2970000 909.9 -2.95847
2971000 942.911 -2.94047
2972000 939.037 -2.93126
2973000 932.948 -2.96051
2974000 946.566 -2.95741
2975000 952.83 -2.9552
2976000 962.425 -2.94524
2977000 919.14 -2.96943
2978000 941.33 -2.96094
2979000 954.445 -2.9576
2980000 1011.34 -2.95088
2981000 962.527 -2.9508
2982000 953.917 -2.94049
2983000 957.875 -2.94341
2984000 944.129 -2.95718
2985000 942.042 -2.95886
2986000 952.588 -2.95021
2987000 953.865 -2.94688
2988000 988.128 -2.94827
2989000 943.412 -2.95711
2990000 905.374 -2.97017
2991000 945.051 -2.95835
2992000 954.061 -2.96132
2993000 980.273 -2.9501
2994000 939.764 -2.96055
2995000 927.784 -2.95828
2996000 946.279 -2.96056
2997000 992.426 -2.95449
2998000 969.754 -2.95151
2999000 962.841 -2.95439
3000000 936.398 -2.96128
3001000 941.149 -2.95977
3002000 930.277 -2.96058
3003000 945.994 -2.95864
3004000 993.849 -2.94028
3005000 959.525 -2.94951
3006000 935.953 -2.95332
3007000 981.338 -2.93957
3008000 912.599 -2.95839
3009000 949.32 -2.93129
3010000 960.293 -2.93499
3011000 974.198 -2.94117
3012000 933.265 -2.93721
3013000 976.069 -2.92011
3014000 914.936 -2.95381
3015000 896.21 -2.94954
3016000 991.843 -2.94186
3017000 949.398 -2.94542
3018000 971.494 -2.94401
3019000 927.195 -2.95648
3020000 1009.73 -2.94635
3021000 918.984 -2.95349
3022000 913.35 -2.95479
3023000 890.458 -2.96276
3024000 924.45 -2.95296
3025000 930.098 -2.96632
3026000 950.832 -2.95508
3027000 893.42 -2.9645
3028000 955.797 -2.95703
3029000 951.993 -2.95645
3030000 948.365 -2.95925
3031000 933.996 -2.94958
3032000 974.955 -2.94736
3033000 937.534 -2.95781
3034000 961.954 -2.94803
3035000 946.472 -2.96082
3036000 924.08 -2.96038
3037000 924.434 -2.95976
3038000 973.059 -2.95092
3039000 971.12 -2.95043
3040000 999.476 -2.94316
3041000 961.871 -2.94814
3042000 937.137 -2.96761
3043000 939.731 -2.95735
3044000 917.102 -2.95395
3045000 918.321 -2.95035
3046000 945.988 -2.95317
3047000 949.33 -2.94508
3048000 969.303 -2.94618
3049000 964.851 -2.94656
3050000 973.593 -2.94725
3051000 929.908 -2.94443
3052000 887.922 -2.96259
3053000 989.402 -2.9414
3054000 920.031 -2.94533
3055000 965.568 -2.94749
3056000 979.273 -2.94393
3057000 940.569 -2.95359
3058000 964.304 -2.95491
3059000 971.28 -2.95176
3060000 974.88 -2.94173
3061000 966.757 -2.9457
3062000 989.98 -2.93434
3063000 982.697 -2.94291
3064000 933.432 -2.94696
3065000 930.502 -2.94654
3066000 940.928 -2.95431
3067000 990.436 -2.94379
3068000 975.369 -2.94812
3069000 924.27 -2.96715
3070000 912.135 -2.957
3071000 961.835 -2.94474
3072000 973.652 -2.93191
3073000 990.868 -2.94936
3074000 975.606 -2.94104
3075000 994.139 -2.95097
3076000 963.398 -2.95588
3077000 945.68 -2.94944
3078000 946.906 -2.96669
3079000 985.729 -2.95426
3080000 932.477 -2.96769
3081000 920.071 -2.96628
3082000 999.307 -2.95985
3083000 961.107 -2.96172
3084000 1015.97 -2.93587
3085000 967.02 -2.94535
3086000 920.525 -2.95453
3087000 878.805 -2.96678
3088000 980.042 -2.93073
3089000 918.131 -2.94809
3090000 988.385 -2.93182
3091000 941.071 -2.94663
3092000 938.433 -2.96361
3093000 927.386 -2.95886
3094000 974.663 -2.96049
3095000 940.488 -2.96132
3096000 917.496 -2.96275
3097000 1036.05 -2.95178
3098000 959.773 -2.95791
3099000 951.2 -2.94991
3100000 974.266 -2.94635
3101000 983.147 -2.94949
3102000 953.442 -2.96061
3103000 987.164 -2.9477
3104000 965.287 -2.95209
3105000 989.668 -2.94391
3106000 943.905 -2.95683
3107000 952.013 -2.95628
3108000 923.188 -2.96507
3109000 969.298 -2.96518
3110000 946.275 -2.94649
3111000 971.542 -2.95257
3112000 924.027 -2.97003
3113000 975.714 -2.94988
3114000 931.36 -2.94227
3115000 945.613 -2.94716
3116000 961.778 -2.95134
3117000 962.001 -2.94628
3118000 972.897 -2.94513
3119000 973.034 -2.95764
3120000 920.992 -2.96657
3121000 917.329 -2.96031
3122000 975.117 -2.95105
3123000 986.619 -2.93977
3124000 943.356 -2.9457
3125000 948.321 -2.944
3126000 957.656 -2.95791
3127000 939.499 -2.9473
3128000 949.362 -2.94864
3129000 933.153 -2.94973
3130000 961 -2.9565
3131000 957.517 -2.95764
3132000 941.35 -2.95354
3133000 922.345 -2.95565
3134000 960.564 -2.95118
3135000 976.219 -2.95299
3136000 937.791 -2.95501
3137000 963.744 -2.94416
3138000 971.704 -2.9533
3139000 971.644 -2.95346
3140000 983.662 -2.95064
3141000 945.332 -2.94719
3142000 920.512 -2.95963
3143000 953.197 -2.95762
3144000 923.563 -2.94769
3145000 923.677 -2.95006
3146000 979.472 -2.93952
3147000 902.847 -2.96557
3148000 950.768 -2.94967
3149000 966.846 -2.95796
3150000 978.762 -2.95013
3151000 961.495 -2.95905
3152000 1000.68 -2.94705
3153000 948.428 -2.95661
3154000 981.949 -2.9536
3155000 971.85 -2.94506
3156000 1000.69 -2.95049
3157000 986.234 -2.95657
3158000 921.397 -2.96152
3159000 906.651 -2.96979
3160000 959.434 -2.94949
3161000 969.353 -2.95162
3162000 972.241 -2.95043
3163000 967.162 -2.95187
3164000 979.343 -2.94578
3165000 993.915 -2.94491
3166000 944.803 -2.95583
3167000 948.015 -2.9622
3168000 920.532 -2.96785
3169000 980.696 -2.9557
3170000 945.262 -2.9566
3171000 979.413 -2.94571
3172000 956.942 -2.94759
3173000 919.616 -2.96393
3174000 958.198 -2.95989
3175000 989.192 -2.9482
3176000 950.876 -2.95543
3177000 968.789 -2.95693
3178000 926.515 -2.96658
3179000 947.072 -2.95821
3180000 899.873 -2.94449
3181000 934.969 -2.9575
3182000 918.588 -2.96673
3183000 922.569 -2.95645
3184000 999.779 -2.93088
3185000 955.444 -2.9567
3186000 946.205 -2.95318
3187000 931.357 -2.95073
3188000 946.946 -2.94482
3189000 974.321 -2.95569
3190000 915.403 -2.96767
3191000 975.318 -2.9549
3192000 923.423 -2.96977
3193000 966.453 -2.96407
3194000 961.387 -2.95815
3195000 981.525 -2.94842
3196000 920.455 -2.97036
3197000 951.432 -2.96022
3198000 983.303 -2.95017
3199000 973.059 -2.93862
3200000 950.167 -2.95602
3201000 965.455 -2.94759
3202000 956.936 -2.95103
3203000 918.287 -2.96735
3204000 952.721 -2.95155
3205000 945.817 -2.95719
3206000 916.191 -2.97435
3207000 989.896 -2.94751
3208000 932.886 -2.94696
3209000 950.907 -2.9572
3210000 963.505 -2.95666
3211000 984.222 -2.9401
3212000 981.462 -2.94774
3213000 947.426 -2.96477
3214000 948.598 -2.9601
3215000 932.09 -2.95573
3216000 904.713 -2.97246
3217000 956.767 -2.95238
3218000 935.09 -2.9699
3219000 958.466 -2.95949
3220000 956.426 -2.95922
3221000 914.306 -2.96402
3222000 978.8 -2.9474
3223000 970.919 -2.95108
3224000 950.032 -2.96271
3225000 980.939 -2.95768
3226000 968.596 -2.96346
3227000 954.384 -2.95819
3228000 969.566 -2.95607
3229000 980.336 -2.95277
3230000 912.67 -2.96759
3231000 956.347 -2.95766
3232000 979.618 -2.94576
3233000 928.289 -2.96102
3234000 914.488 -2.96259
3235000 954.743 -2.94863
3236000 933.902 -2.96176
3237000 965.763 -2.95184
3238000 931.63 -2.96977
3239000 973.529 -2.94903
3240000 1018.47 -2.95525
3241000 909.443 -2.97715
3242000 961.935 -2.95469
3243000 894.856 -2.9718
3244000 966.193 -2.95874
3245000 997.854 -2.9599
3246000 948.274 -2.95983
3247000 958.213 -2.95061
3248000 971.552 -2.95242
3249000 949.187 -2.95942
3250000 895.711 -2.9714
3251000 971.629 -2.95923
3252000 981.964 -2.95292
3253000 969.993 -2.95764
3254000 940.545 -2.96228
3255000 958.672 -2.96266
3256000 954.64 -2.9596
3257000 923.541 -2.96988
3258000 929.459 -2.96815
3259000 916.617 -2.95875
3260000 917.116 -2.97032
3261000 923.012 -2.96423
3262000 1001.95 -2.95682
3263000 947.172 -2.95655
3264000 955.54 -2.9575
3265000 940.616 -2.96482
3266000 987.465 -2.95363
3267000 931.925 -2.95462
3268000 969.238 -2.95694
3269000 940.242 -2.95727
3270000 961.371 -2.95862
3271000 933.792 -2.96425
3272000 927.104 -2.95832
3273000 958.048 -2.95353
3274000 968.286 -2.95554
3275000 967.261 -2.94973
3276000 922.182 -2.97132
3277000 926.637 -2.96822
3278000 970.883 -2.952
3279000 949.539 -2.95987
3280000 917.222 -2.96619
3281000 924.147 -2.96426
3282000 972.551 -2.95303
3283000 957.838 -2.95076
3284000 958.734 -2.96532
3285000 961.35 -2.95904
3286000 924.704 -2.95962
3287000 971.53 -2.94526
3288000 920.135 -2.9639
3289000 953.895 -2.95584
3290000 951.559 -2.95626
3291000 931.056 -2.9654
3292000 945.188 -2.96624
3293000 938.365 -2.9547
3294000 939.612 -2.96219
3295000 964.007 -2.95856
3296000 980.641 -2.95728
3297000 924.862 -2.96659
3298000 913.635 -2.96618
3299000 942.582 -2.96064
3300000 891.231 -2.9571
3301000 922.235 -2.95698
3302000 943.827 -2.96133
3303000 954.554 -2.95336
3304000 969.214 -2.9507
3305000 924.18 -2.95995
3306000 929.211 -2.95787
3307000 961.788 -2.94318
3308000 969.007 -2.93968
3309000 961.472 -2.95913
3310000 911.056 -2.96402
3311000 866.836 -2.9754
3312000 931.374 -2.95464
3313000 985.164 -2.94681
3314000 988.709 -2.93153
3315000 984.916 -2.953
3316000 999.362 -2.94473
3317000 959.449 -2.9637
3318000 955.114 -2.95529
3319000 970.431 -2.94588
3320000 941.112 -2.95859
3321000 993.596 -2.94287
3322000 939.871 -2.96256
3323000 913.347 -2.96756
3324000 989.105 -2.93947
3325000 922.778 -2.95617
3326000 901.498 -2.95341
3327000 939.208 -2.95275
3328000 974.034 -2.9613
3329000 951.534 -2.93979
3330000 947.787 -2.96605
3331000 927.858 -2.9647
3332000 943.113 -2.96498
3333000 982.212 -2.95207
3334000 961.151 -2.96621
3335000 1020.68 -2.94619
3336000 928.148 -2.96409
3337000 996.742 -2.94483
3338000 938.127 -2.95792
3339000 917.997 -2.96197
3340000 1006.22 -2.94042
3341000 923.153 -2.96209
3342000 915.939 -2.9537
3343000 951.186 -2.94127
3344000 916.525 -2.96423
3345000 947.985 -2.96175
3346000 936.405 -2.95967
3347000 958.983 -2.95871
3348000 883.035 -2.96822
3349000 974.522 -2.95632
3350000 918.192 -2.96266
