# Time-averaged data for fix 2
# TimeStep v_T v_Eatom
5001000 983.003 -2.88775
5002000 1013.91 -2.88865
5003000 989.31 -2.89076
5004000 978.863 -2.90085
5005000 1028.22 -2.89531
5006000 986.245 -2.89253
5007000 959.589 -2.89243
5008000 990.195 -2.88128
5009000 1026.84 -2.89995
5010000 1027.33 -2.89687
5011000 952.408 -2.91011
5012000 985.907 -2.9035
5013000 999.499 -2.9019
5014000 1007.28 -2.88584
5015000 1006.23 -2.8939
5016000 1022.56 -2.89776
5017000 1005.78 -2.8948
5018000 971.437 -2.9018
5019000 984.075 -2.90136
5020000 1042.84 -2.88197
5021000 964.084 -2.88547
5022000 992.354 -2.88954
5023000 955.816 -2.89055
5024000 968.702 -2.89104
5025000 1017.18 -2.87093
5026000 974.542 -2.89365
5027000 985.422 -2.87577
5028000 955.767 -2.88485
5029000 915.572 -2.89862
5030000 1018.31 -2.87251
5031000 963.89 -2.89513
5032000 986.794 -2.89526
5033000 1021.56 -2.88331
5034000 1029.52 -2.87282
5035000 1043.34 -2.87876
5036000 1000.76 -2.8822
5037000 992.017 -2.89243
5038000 957.149 -2.90068
5039000 1017.55 -2.87777
5040000 1015.49 -2.88356
5041000 971.471 -2.89677
5042000 991.74 -2.89066
5043000 994.568 -2.89504
5044000 949.61 -2.89407
5045000 979.185 -2.90273
5046000 1003.29 -2.89562
5047000 1039.76 -2.88873
5048000 1031.97 -2.89453
5049000 1012.84 -2.88015
5050000 962.471 -2.9001
5051000 1047.11 -2.89646
5052000 944.409 -2.90417
5053000 963.736 -2.89867
5054000 951.448 -2.90664
5055000 969.078 -2.89887
5056000 1038.74 -2.8883
5057000 980.776 -2.90625
5058000 988.611 -2.88708
5059000 990.658 -2.8922
5060000 991.069 -2.88217
5061000 1020.04 -2.88343
5062000 974.7 -2.88051
5063000 1012.15 -2.8885
5064000 991.155 -2.88274
5065000 973.686 -2.88909
5066000 982.469 -2.88085
5067000 991.139 -2.87709
5068000 1009.35 -2.88887
5069000 1009.66 -2.87748
5070000 984.27 -2.89289
5071000 949.681 -2.90401
5072000 968.98 -2.90205
5073000 997.718 -2.89484
5074000 952.579 -2.89018
5075000 999.046 -2.87962
5076000 1039.93 -2.87225
5077000 1032.59 -2.87069
5078000 973.863 -2.88906
5079000 1028.73 -2.88501
5080000 998.607 -2.8845
5081000 993.998 -2.88794
5082000 966.568 -2.89256
5083000 1012.31 -2.87469
5084000 978.347 -2.89958
5085000 1029.74 -2.89366
5086000 1029.22 -2.88512
5087000 967.452 -2.90291
5088000 1014.89 -2.89129
5089000 1018 -2.8972
5090000 945.316 -2.89747
5091000 1028.21 -2.89342
5092000 981.451 -2.90231
5093000 990.234 -2.89482
5094000 958.752 -2.9034
5095000 984.553 -2.89188
5096000 967.326 -2.90715
5097000 1018.76 -2.88723
5098000 967.261 -2.89902
5099000 974.189 -2.91105
5100000 971.766 -2.90333
5101000 993.566 -2.90336
5102000 1005.69 -2.8825
5103000 1001.63 -2.87745
5104000 979.723 -2.89233
5105000 1010.45 -2.87968
5106000 996.834 -2.88514
5107000 1003.47 -2.8872
5108000 935.585 -2.91063
5109000 935.896 -2.90472
5110000 1010.62 -2.89196
5111000 989.858 -2.90047
5112000 984.266 -2.90308
5113000 985.675 -2.89433
5114000 1003.88 -2.89683
5115000 992.742 -2.91222
5116000 948.379 -2.89048
5117000 1003.73 -2.89418
5118000 1009.97 -2.89438
5119000 1008.96 -2.89097
5120000 950.259 -2.91019
5121000 971.591 -2.90362
5122000 969.339 -2.89996
5123000 999.554 -2.89202
5124000 920.578 -2.91122
5125000 1012.6 -2.8979
5126000 1056.88 -2.88882
5127000 1013.25 -2.8876
5128000 938.584 -2.89988
5129000 911.473 -2.90543
5130000 998.806 -2.88843
5131000 1002.81 -2.90287
5132000 942.927 -2.9038
5133000 999.229 -2.90303
5134000 953.657 -2.89792
5135000 956.609 -2.8941
5136000 1005.9 -2.87944
5137000 1026.49 -2.88038
5138000 962.911 -2.89925
5139000 983.549 -2.88415
5140000 1027.96 -2.88854
5141000 982.282 -2.89007
5142000 975.002 -2.91171
5143000 1067.32 -2.87821
5144000 960.665 -2.89453
5145000 982.066 -2.87536
5146000 993.642 -2.88259
5147000 939.014 -2.90532
5148000 975.358 -2.87921
5149000 1012.27 -2.88183
5150000 1014.57 -2.89477
5151000 967.42 -2.9129
5152000 985.381 -2.8957
5153000 1011.52 -2.87553
5154000 1003.91 -2.87281
5155000 977.719 -2.8966
5156000 944.719 -2.88751
5157000 953.409 -2.89443
5158000 984.257 -2.90362
5159000 963.594 -2.90281
5160000 966.067 -2.90449
5161000 989.417 -2.90412
5162000 971.947 -2.89972
5163000 971.894 -2.8965
5164000 1004.58 -2.88901
5165000 950.393 -2.89917
5166000 999.728 -2.89733
5167000 970.2 -2.90564
5168000 980.613 -2.90418
5169000 947.522 -2.90685
5170000 985.948 -2.90475
5171000 1017.36 -2.89167
5172000 1015.36 -2.87735
5173000 976.362 -2.87654
5174000 968.087 -2.8954
5175000 994.034 -2.88988
5176000 993.456 -2.8987
5177000 1000.69 -2.89575
5178000 992.323 -2.89038
5179000 1053.98 -2.86511
5180000 979.928 -2.8906
5181000 990.759 -2.8799
5182000 1025.55 -2.88169
5183000 977.439 -2.90404
5184000 990.569 -2.88326
5185000 1005.22 -2.88735
5186000 1007.25 -2.8948
5187000 989.5 -2.87827
5188000 1002.53 -2.87878
5189000 1031.48 -2.88248
5190000 991.381 -2.88904
5191000 952.623 -2.8925
5192000 984.383 -2.89197
5193000 993.072 -2.89963
5194000 1037.85 -2.88367
5195000 1026.23 -2.87169
5196000 926.389 -2.89611
5197000 1028.13 -2.88799
5198000 996.697 -2.8953
5199000 999.694 -2.8951
5200000 982.814 -2.89757
5201000 933.135 -2.88905
5202000 1038.62 -2.87591
5203000 1003.55 -2.91005
5204000 990.361 -2.91105
5205000 938.677 -2.90514
5206000 1053.07 -2.88412
5207000 915.747 -2.91505
5208000 1017.6 -2.88326
5209000 1016.17 -2.8874
5210000 996.785 -2.90349
5211000 1047.31 -2.8846
5212000 990.003 -2.89409
5213000 1026.58 -2.87765
5214000 941.858 -2.91404
5215000 1035.55 -2.88329
5216000 994.305 -2.89604
5217000 1045.45 -2.89746
5218000 982.568 -2.88354
5219000 1015.47 -2.89221
5220000 958.331 -2.9006
5221000 1014.5 -2.90347
5222000 996.735 -2.89466
5223000 960.277 -2.90576
5224000 946.92 -2.90497
5225000 1046.45 -2.87492
5226000 1014.54 -2.89161
5227000 1034.41 -2.88428
5228000 1044.29 -2.87945
5229000 1008.96 -2.88592
5230000 1000.46 -2.87909
5231000 991.529 -2.89291
5232000 987.783 -2.89471
5233000 942.19 -2.90928
5234000 988.3 -2.89673
5235000 963.986 -2.89532
5236000 985.031 -2.8938
5237000 1011.88 -2.8899
5238000 974.706 -2.87447
5239000 1033.05 -2.87899
5240000 969.578 -2.89955
5241000 974.929 -2.8979
5242000 989.384 -2.89477
5243000 1008.93 -2.88712
5244000 989.612 -2.89255
5245000 955.125 -2.91004
5246000 987.535 -2.91268
5247000 967.5 -2.91729
5248000 1000.07 -2.91274
5249000 993.28 -2.90787
5250000 940.766 -2.90299
5251000 1021.6 -2.89145
5252000 974.201 -2.90204
5253000 1039.83 -2.87741
5254000 982.73 -2.88975
5255000 969.976 -2.90125
5256000 998.669 -2.89097
5257000 996.039 -2.89594
5258000 968.984 -2.90386
5259000 995.972 -2.88661
5260000 1025.47 -2.88879
5261000 1033.79 -2.87603
5262000 1021.2 -2.87837
5263000 1022.76 -2.88469
5264000 1000.99 -2.88502
5265000 999.634 -2.89692
5266000 1000.82 -2.90624
5267000 957.341 -2.90153
5268000 939.73 -2.90089
5269000 1017.93 -2.90133
5270000 1006.37 -2.88608
5271000 997.189 -2.89656
5272000 966.398 -2.8902
5273000 984.37 -2.89417
5274000 952.428 -2.9064
5275000 1009.1 -2.88912
5276000 1075.62 -2.87092
5277000 979.793 -2.89074
5278000 981.417 -2.89633
5279000 957.737 -2.89301
5280000 978.922 -2.88373
5281000 1031.16 -2.86566
5282000 1013.78 -2.8916
5283000 984.007 -2.89824
5284000 973.187 -2.901
5285000 973.149 -2.90611
5286000 962.946 -2.90202
5287000 969.318 -2.89315
5288000 982.61 -2.89505
5289000 985.092 -2.88292
5290000 985.628 -2.89288
5291000 1008.24 -2.89338
5292000 1012.84 -2.89138
5293000 935.732 -2.9169
5294000 977.967 -2.89671
5295000 1022.57 -2.87902
5296000 966.034 -2.90139
5297000 1006.17 -2.88607
5298000 926.548 -2.91326
5299000 968.858 -2.89685
5300000 980.583 -2.89923
5301000 939.696 -2.90455
5302000 989.421 -2.88964
5303000 988.657 -2.88543
5304000 967.726 -2.89335
5305000 983.195 -2.89751
5306000 938.779 -2.90871
5307000 992.628 -2.89943
5308000 982.702 -2.88791
5309000 986.577 -2.88761
5310000 943.69 -2.91657
5311000 1028.34 -2.89577
5312000 987.111 -2.89507
5313000 1008.3 -2.88977
5314000 998.136 -2.8941
5315000 966.226 -2.90275
5316000 972.03 -2.89434
5317000 956.463 -2.89396
5318000 965.215 -2.89166
5319000 1023.8 -2.88371
5320000 943.149 -2.90201
5321000 998.61 -2.89149
5322000 1067.04 -2.87597
5323000 1003.23 -2.88492
5324000 974.647 -2.89714
5325000 1005.24 -2.89056
5326000 1013.21 -2.87941
5327000 1021.3 -2.889
5328000 983.258 -2.89065
5329000 1025.4 -2.88871
5330000 1035.08 -2.87723
5331000 981.308 -2.8902
5332000 980.712 -2.89925
5333000 1002.17 -2.88539
5334000 993.644 -2.8809
5335000 996.046 -2.88837
5336000 1049.49 -2.87409
5337000 978.293 -2.87432
5338000 993.598 -2.89312
5339000 993.014 -2.88843
5340000 1010.62 -2.89428
5341000 986.411 -2.88958
5342000 1024.71 -2.88795
5343000 969.062 -2.90415
5344000 1010.95 -2.88739
5345000 982.511 -2.90869
5346000 948.117 -2.89461
5347000 1052.15 -2.87269
5348000 1018.9 -2.88932
5349000 940.571 -2.89497
5350000 965.871 -2.90585
5351000 997.675 -2.88234
5352000 971.906 -2.89322
5353000 975.839 -2.88262
5354000 982.108 -2.88888
5355000 993.796 -2.88953
5356000 1002.89 -2.89475
5357000 1020.24 -2.89396
5358000 995.493 -2.89893
5359000 985.767 -2.88462
5360000 997.645 -2.8923
5361000 998.388 -2.89559
5362000 988.537 -2.87729
5363000 991.377 -2.87718
5364000 1006.77 -2.88444
5365000 1059.36 -2.87224
5366000 985.363 -2.88742
5367000 947.294 -2.9007
5368000 1004.03 -2.88529
5369000 1003.28 -2.88791
5370000 979.313 -2.90335
5371000 954.947 -2.87305
5372000 1025.66 -2.87738
5373000 962.361 -2.891
5374000 1005.67 -2.88525
5375000 961.46 -2.8897
5376000 1033.43 -2.88052
5377000 994.824 -2.8926
5378000 958.412 -2.91148
5379000 1025.58 -2.88932
5380000 959.417 -2.91135
5381000 970.312 -2.87523
5382000 1061.01 -2.87355
5383000 950.061 -2.91443
5384000 984.134 -2.88383
5385000 979.448 -2.89385
5386000 990.649 -2.87723
5387000 982.395 -2.88606
5388000 1040.39 -2.87861
5389000 946.229 -2.90225
5390000 966.133 -2.88915
5391000 967.771 -2.89003
5392000 974.485 -2.8906
5393000 973.445 -2.87513
5394000 1026.63 -2.88646
5395000 962.508 -2.90755
5396000 938.206 -2.89351
5397000 971.994 -2.88283
5398000 1010.19 -2.89586
5399000 996.664 -2.8918
5400000 973.978 -2.91158
5401000 990.667 -2.90692
5402000 972.439 -2.91028
5403000 1016.63 -2.8932
5404000 1043.34 -2.89334
5405000 1002.92 -2.89303
5406000 995.11 -2.89101
5407000 1011.93 -2.89655
5408000 919.615 -2.91415
5409000 1014.96 -2.89471
5410000 1041.52 -2.8892
5411000 1022.39 -2.89513
5412000 1011.67 -2.89683
5413000 1000.11 -2.89442
5414000 1061.8 -2.88967
5415000 1028.94 -2.89555
5416000 970.086 -2.90427
5417000 1036.99 -2.8724
5418000 1020.24 -2.89056
5419000 980.933 -2.89905
5420000 1017.9 -2.88961
5421000 983.544 -2.89553
5422000 929.352 -2.90272
5423000 1016.32 -2.87897
5424000 1059.33 -2.87657
5425000 989.628 -2.89589
5426000 1005.13 -2.89936
5427000 976.454 -2.90119
5428000 999.483 -2.90239
5429000 1018.38 -2.88895
5430000 1010.05 -2.88393
5431000 988.468 -2.88761
5432000 960.836 -2.89496
5433000 973.994 -2.89625
5434000 990.012 -2.8832
5435000 984.753 -2.8754
5436000 987.622 -2.87798
5437000 963.097 -2.89664
5438000 995.95 -2.90019
5439000 1015.41 -2.87688
5440000 995.309 -2.87584
5441000 1025.79 -2.87579
5442000 979.239 -2.89277
5443000 981.886 -2.89711
5444000 960.943 -2.89087
5445000 1021.02 -2.89334
5446000 991.229 -2.88501
5447000 1058.87 -2.87426
5448000 1005.95 -2.88734
5449000 992.077 -2.8846
5450000 978.121 -2.89971
5451000 996.905 -2.88903
5452000 975.202 -2.90018
5453000 1014.35 -2.88208
5454000 1045.19 -2.87526
5455000 966.245 -2.8909
5456000 967.362 -2.89801
5457000 939.331 -2.89353
5458000 969.388 -2.8905
5459000 983.637 -2.88603
5460000 1002.44 -2.87435
5461000 987.374 -2.89313
5462000 1010.62 -2.89079
5463000 1010.04 -2.89265
5464000 1030.01 -2.87863
5465000 990.272 -2.89075
5466000 973.051 -2.88979
5467000 967.59 -2.90903
5468000 951.387 -2.88529
5469000 968.765 -2.90001
5470000 972.994 -2.88696
5471000 1031.56 -2.88133
5472000 1020.02 -2.8835
5473000 1003.8 -2.89922
5474000 967.838 -2.89253
5475000 994.895 -2.88959
5476000 1025.29 -2.88365
5477000 984.299 -2.90082
5478000 1072.63 -2.87606
5479000 1047.72 -2.89878
5480000 930.087 -2.90153
5481000 1001.07 -2.88728
5482000 973.027 -2.88804
5483000 1010.35 -2.90055
5484000 974.85 -2.88982
5485000 1031.99 -2.87366
5486000 984.096 -2.88998
5487000 981.03 -2.89438
5488000 969.282 -2.90214
5489000 980.648 -2.88779
5490000 975.364 -2.89044
5491000 994.816 -2.88271
5492000 938.023 -2.8933
5493000 965.367 -2.90256
5494000 954.016 -2.89919
5495000 994.008 -2.89123
5496000 1016.07 -2.9045
5497000 956.876 -2.90774
5498000 978.035 -2.90199
5499000 963.735 -2.90086
5500000 1038.8 -2.89154
5501000 1005.81 -2.896
5502000 999.198 -2.91002
5503000 972.59 -2.89991
5504000 976.144 -2.88505
5505000 943.238 -2.89416
5506000 981.476 -2.87861
5507000 981.202 -2.88149
5508000 1036.34 -2.88942
5509000 1002.94 -2.88535
5510000 968.267 -2.90991
5511000 1013.31 -2.88676
5512000 989.495 -2.88862
5513000 1020.22 -2.89157
5514000 1023.18 -2.88404
5515000 1001.99 -2.8949
5516000 982.429 -2.89422
5517000 1006.31 -2.88395
5518000 993.809 -2.88846
5519000 1008.27 -2.88264
5520000 988.914 -2.88673
5521000 1023.95 -2.89149
5522000 986.543 -2.89436
5523000 967.414 -2.90167
5524000 1033.66 -2.87853
5525000 967.949 -2.91142
5526000 977.45 -2.88652
5527000 999.648 -2.89954
5528000 996.022 -2.89081
5529000 1007.45 -2.87893
5530000 967.611 -2.89096
5531000 1038.36 -2.88014
5532000 1008.67 -2.87797
5533000 1024.72 -2.89224
5534000 982.886 -2.88313
5535000 981.936 -2.88504
5536000 1011.55 -2.8785
5537000 1012.27 -2.87909
5538000 1039.36 -2.87582
5539000 1006.05 -2.88963
5540000 1008.48 -2.88045
5541000 971.013 -2.88465
5542000 973.112 -2.8981
5543000 1025.41 -2.8825
5544000 1090.15 -2.86116
5545000 952.684 -2.88715
5546000 977.915 -2.87
5547000 954.967 -2.89889
5548000 979.894 -2.87604
5549000 1016.97 -2.87863
5550000 1029.63 -2.88244
