# Fix print output for fix extra
0 0 333
1000 486.296714409161 329
2000 501.403702868556 326
3000 482.049389169166 373
4000 492.249664334803 383
5000 508.751987088201 387
6000 490.955181930975 404
7000 509.596805930467 414
8000 525.081368303543 417
9000 496.176893017393 429
10000 500.38917819696 433
10000 500.38917819696 433
11000 1000.90545659969 437
12000 960.961317008473 443
13000 1019.47580819361 451
14000 1011.26197782945 449
15000 974.33470916254 466
16000 989.953049946211 471
17000 973.696629164898 477
18000 990.880505970332 490
19000 1002.89771161725 499
20000 1020.1570476505 500
21000 964.92873670271 498
22000 1001.49407297729 506
23000 1015.88719687393 508
24000 1001.38782693401 507
25000 1035.56089090907 504
26000 985.368008697596 500
27000 992.010149856204 498
28000 1016.9928188499 507
29000 979.629478381103 501
30000 996.765534602912 509
30000 996.765534602912 509
31000 1402.76979376134 506
32000 1398.82028971295 508
33000 1413.58962504457 495
34000 1375.39067215953 497
35000 1416.15908034437 510
36000 1415.37413137402 521
37000 1380.65335390637 528
38000 1394.18788038038 531
39000 1411.87115780413 529
40000 1384.48801435267 535
41000 1366.2550539974 546
42000 1375.04910850142 554
43000 1404.92458913791 551
44000 1370.38209863739 554
45000 1424.73884469041 563
46000 1409.78708678433 556
47000 1461.56385971961 570
48000 1444.48444233672 566
49000 1425.52076222391 559
50000 1388.18181113661 561
51000 1473.68230833782 570
52000 1447.72137735394 564
53000 1393.88188059156 559
54000 1375.94049419418 565
55000 1433.45379714754 561
56000 1336.62570601091 557
57000 1404.66791325358 561
58000 1405.06936475307 564
59000 1408.23086935496 565
60000 1432.03129792716 565
